[645384,
 636271,
 639137,
 634229,
 660283,
 633595,
 663879,
 634986,
 716431,
 659143,
 636300,
 641110,
 638586,
 655609,
 1003210,
 644965,
 632071,
 638035,
 665172,
 716351,
 642585,
 658129,
 637335,
 636415,
 1098355,
 634389,
 716370,
 647799,
 659929,
 801377,
 660231,
 665642,
 653670,
 649062,
 657719,
 646217,
 640355,
 716425,
 633091,
 638940,
 641644,
 638603,
 635182,
 653785,
 663164,
 658418,
 657823,
 652825,
 665185,
 652696,
 632790,
 637999,
 638693,
 1056442,
 648983,
 650225,
 632101,
 648275,
 631747,
 715380,
 633386,
 715544,
 635756,
 648408,
 651225,
 632151,
 716429,
 716422,
 639728,
 660609,
 635126,
 647577,
 650546,
 635795,
 654959,
 661500,
 658967,
 654430,
 651823,
 639637,
 636973,
 634295,
 663054,
 635418,
 637210,
 663987,
 665744,
 647210,
 640720,
 631783,
 67565,
 640730,
 637488,
 716361,
 647016,
 644846,
 715497,
 639333,
 641727,
 632590]