[634545,
 658727,
 622598,
 637515,
 666262,
 664273,
 1098354,
 631868,
 639482,
 638038,
 638831,
 642085,
 641970,
 764752,
 652134,
 636360,
 641202,
 632935,
 634781,
 650255,
 1098347,
 632928,
 633171,
 635414,
 642597,
 664090,
 661522,
 635215,
 633302,
 660297,
 644604,
 640275,
 648780,
 636365,
 641261,
 660048,
 643428,
 649133,
 660266,
 634496,
 653185,
 715469,
 730914,
 716369,
 644817,
 639465,
 634180,
 645721,
 647395,
 659887,
 641447,
 649132,
 649625,
 654936,
 658482,
 632353,
 715545,
 641799,
 658536,
 642138,
 641893,
 647287,
 649411,
 639597,
 633068,
 716296,
 640453,
 652393,
 660243,
 644857,
 642178,
 664488,
 636608,
 649214,
 640311,
 643660,
 636552,
 639722,
 660404,
 716298,
 660283,
 635231,
 657482,
 729530,
 642878,
 663298,
 640141,
 716363,
 658276,
 649056,
 640443,
 645002,
 640266,
 642093,
 635182,
 640117,
 663462,
 658518,
 647555,
 647623]